1.1) --- Diagonal is starting in the location: [ 4417 24241  7270  3098  7926 28173 13387 12410  8701  4468 12493 13433
 73398  8948 10582 13801 11041 11497  8182 84456 18753  9175 17181 12574
 11262 10790  5390  6129 13064  7068 36962 18560  6709  9699  6763 10041
 34291  4582 15821 10842  7875 11781 24088 37801  5416 32522  9056 60058
  4955 12903  7769  7779  9953 81895 17925 13677 19195 11574  8080 20296
  9589  8808]
1.2) --- Axis 0 is total incoming travellers: [ 4417 24241  7270  3098  7926 28173 13387 12410  8701  4468 12493 13433
 73398  8948 10582 13801 11041 11497  8182 84456 18753  9175 17181 12574
 11262 10790  5390  6129 13064  7068 36962 18560  6709  9699  6763 10041
 34291  4582 15821 10842  7875 11781 24088 37801  5416 32522  9056 60058
  4955 12903  7769  7779  9953 81895 17925 13677 19195 11574  8080 20296
  9589  8808]
1.3) --- Axis 1 is total outgoing travellers [ 4417 24241  7270  3098  7926 28173 13387 12410  8701  4468 12493 13433
 73398  8948 10582 13801 11041 11497  8182 84456 18753  9175 17181 12574
 11262 10790  5390  6129 13064  7068 36962 18560  6709  9699  6763 10041
 34291  4582 15821 10842  7875 11781 24088 37801  5416 32522  9056 60058
  4955 12903  7769  7779  9953 81895 17925 13677 19195 11574  8080 20296
  9589  8808]

1.4) --- Susceptible initialization vector N_k_nw: [ 4417 24241  7270  3098  7926 28173 13387 12410  8701  4468 12493 13433
 73398  8948 10582 13801 11041 11497  8182 84456 18753  9175 17181 12574
 11262 10790  5390  6129 13064  7068 36962 18560  6709  9699  6763 10041
 34291  4582 15821 10842  7875 11781 24088 37801  5416 32522  9056 60058
  4955 12903  7769  7779  9953 81895 17925 13677 19195 11574  8080 20296
  9589  8808]

1.5) --- Initialization of S group in SIR_NW: 
[[ 4417.     0.     0.     0.]
 [24241.     0.     0.     0.]
 [ 7270.     0.     0.     0.]
 [ 3098.     0.     0.     0.]
 [ 7926.     0.     0.     0.]
 [28173.     0.     0.     0.]
 [13387.     0.     0.     0.]
 [12410.     0.     0.     0.]
 [ 8701.     0.     0.     0.]
 [ 4468.     0.     0.     0.]
 [12493.     0.     0.     0.]
 [13433.     0.     0.     0.]
 [73398.     0.     0.     0.]
 [ 8948.     0.     0.     0.]
 [10582.     0.     0.     0.]
 [13801.     0.     0.     0.]
 [11041.     0.     0.     0.]
 [11497.     0.     0.     0.]
 [ 8182.     0.     0.     0.]
 [84456.     0.     0.     0.]
 [18753.     0.     0.     0.]
 [ 9175.     0.     0.     0.]
 [17181.     0.     0.     0.]
 [12574.     0.     0.     0.]
 [11262.     0.     0.     0.]
 [10790.     0.     0.     0.]
 [ 5390.     0.     0.     0.]
 [ 6129.     0.     0.     0.]
 [13064.     0.     0.     0.]
 [ 7068.     0.     0.     0.]
 [36962.     0.     0.     0.]
 [18560.     0.     0.     0.]
 [ 6709.     0.     0.     0.]
 [ 9699.     0.     0.     0.]
 [ 6763.     0.     0.     0.]
 [10041.     0.     0.     0.]
 [34291.     0.     0.     0.]
 [ 4582.     0.     0.     0.]
 [15821.     0.     0.     0.]
 [10842.     0.     0.     0.]
 [ 7875.     0.     0.     0.]
 [11781.     0.     0.     0.]
 [24088.     0.     0.     0.]
 [37801.     0.     0.     0.]
 [ 5416.     0.     0.     0.]
 [32522.     0.     0.     0.]
 [ 9056.     0.     0.     0.]
 [60058.     0.     0.     0.]
 [ 4955.     0.     0.     0.]
 [12903.     0.     0.     0.]
 [ 7769.     0.     0.     0.]
 [ 7779.     0.     0.     0.]
 [ 9953.     0.     0.     0.]
 [81895.     0.     0.     0.]
 [17925.     0.     0.     0.]
 [13677.     0.     0.     0.]
 [19195.     0.     0.     0.]
 [11574.     0.     0.     0.]
 [ 8080.     0.     0.     0.]
 [20296.     0.     0.     0.]
 [ 9589.     0.     0.     0.]
 [ 8808.     0.     0.     0.]]

2.1) --- First infections: [ 2. 12.  3.  1.  3. 14.  6.  6.  4.  2.  6.  6. 36.  4.  5.  6.  5.  5.
  4. 42.  9.  4.  8.  6.  5.  5.  2.  3.  6.  3. 18.  9.  3.  4.  3.  5.
 17.  2.  7.  5.  3.  5. 12. 18.  2. 16.  4. 30.  2.  6.  3.  3.  4. 40.
  8.  6.  9.  5.  4. 10.  4.  4.]

2.2) --- SIR_NW matrix with updated with first infections: 
[[4.4150e+03 2.0000e+00 0.0000e+00 0.0000e+00]
 [2.4229e+04 1.2000e+01 0.0000e+00 0.0000e+00]
 [7.2670e+03 3.0000e+00 0.0000e+00 0.0000e+00]
 [3.0970e+03 1.0000e+00 0.0000e+00 0.0000e+00]
 [7.9230e+03 3.0000e+00 0.0000e+00 0.0000e+00]
 [2.8159e+04 1.4000e+01 0.0000e+00 0.0000e+00]
 [1.3381e+04 6.0000e+00 0.0000e+00 0.0000e+00]
 [1.2404e+04 6.0000e+00 0.0000e+00 0.0000e+00]
 [8.6970e+03 4.0000e+00 0.0000e+00 0.0000e+00]
 [4.4660e+03 2.0000e+00 0.0000e+00 0.0000e+00]
 [1.2487e+04 6.0000e+00 0.0000e+00 0.0000e+00]
 [1.3427e+04 6.0000e+00 0.0000e+00 0.0000e+00]
 [7.3362e+04 3.6000e+01 0.0000e+00 0.0000e+00]
 [8.9440e+03 4.0000e+00 0.0000e+00 0.0000e+00]
 [1.0577e+04 5.0000e+00 0.0000e+00 0.0000e+00]
 [1.3795e+04 6.0000e+00 0.0000e+00 0.0000e+00]
 [1.1036e+04 5.0000e+00 0.0000e+00 0.0000e+00]
 [1.1492e+04 5.0000e+00 0.0000e+00 0.0000e+00]
 [8.1780e+03 4.0000e+00 0.0000e+00 0.0000e+00]
 [8.4414e+04 4.2000e+01 0.0000e+00 0.0000e+00]
 [1.8744e+04 9.0000e+00 0.0000e+00 0.0000e+00]
 [9.1710e+03 4.0000e+00 0.0000e+00 0.0000e+00]
 [1.7173e+04 8.0000e+00 0.0000e+00 0.0000e+00]
 [1.2568e+04 6.0000e+00 0.0000e+00 0.0000e+00]
 [1.1257e+04 5.0000e+00 0.0000e+00 0.0000e+00]
 [1.0785e+04 5.0000e+00 0.0000e+00 0.0000e+00]
 [5.3880e+03 2.0000e+00 0.0000e+00 0.0000e+00]
 [6.1260e+03 3.0000e+00 0.0000e+00 0.0000e+00]
 [1.3058e+04 6.0000e+00 0.0000e+00 0.0000e+00]
 [7.0650e+03 3.0000e+00 0.0000e+00 0.0000e+00]
 [3.6944e+04 1.8000e+01 0.0000e+00 0.0000e+00]
 [1.8551e+04 9.0000e+00 0.0000e+00 0.0000e+00]
 [6.7060e+03 3.0000e+00 0.0000e+00 0.0000e+00]
 [9.6950e+03 4.0000e+00 0.0000e+00 0.0000e+00]
 [6.7600e+03 3.0000e+00 0.0000e+00 0.0000e+00]
 [1.0036e+04 5.0000e+00 0.0000e+00 0.0000e+00]
 [3.4274e+04 1.7000e+01 0.0000e+00 0.0000e+00]
 [4.5800e+03 2.0000e+00 0.0000e+00 0.0000e+00]
 [1.5814e+04 7.0000e+00 0.0000e+00 0.0000e+00]
 [1.0837e+04 5.0000e+00 0.0000e+00 0.0000e+00]
 [7.8720e+03 3.0000e+00 0.0000e+00 0.0000e+00]
 [1.1776e+04 5.0000e+00 0.0000e+00 0.0000e+00]
 [2.4076e+04 1.2000e+01 0.0000e+00 0.0000e+00]
 [3.7783e+04 1.8000e+01 0.0000e+00 0.0000e+00]
 [5.4140e+03 2.0000e+00 0.0000e+00 0.0000e+00]
 [3.2506e+04 1.6000e+01 0.0000e+00 0.0000e+00]
 [9.0520e+03 4.0000e+00 0.0000e+00 0.0000e+00]
 [6.0028e+04 3.0000e+01 0.0000e+00 0.0000e+00]
 [4.9530e+03 2.0000e+00 0.0000e+00 0.0000e+00]
 [1.2897e+04 6.0000e+00 0.0000e+00 0.0000e+00]
 [7.7660e+03 3.0000e+00 0.0000e+00 0.0000e+00]
 [7.7760e+03 3.0000e+00 0.0000e+00 0.0000e+00]
 [9.9490e+03 4.0000e+00 0.0000e+00 0.0000e+00]
 [8.1855e+04 4.0000e+01 0.0000e+00 0.0000e+00]
 [1.7917e+04 8.0000e+00 0.0000e+00 0.0000e+00]
 [1.3671e+04 6.0000e+00 0.0000e+00 0.0000e+00]
 [1.9186e+04 9.0000e+00 0.0000e+00 0.0000e+00]
 [1.1569e+04 5.0000e+00 0.0000e+00 0.0000e+00]
 [8.0760e+03 4.0000e+00 0.0000e+00 0.0000e+00]
 [2.0286e+04 1.0000e+01 0.0000e+00 0.0000e+00]
 [9.5850e+03 4.0000e+00 0.0000e+00 0.0000e+00]
 [8.8040e+03 4.0000e+00 0.0000e+00 0.0000e+00]]

3.) --- Normalized SIR_NW values: 
[[9.99547204e-01 4.52796015e-04 0.00000000e+00 0.00000000e+00]
 [9.99504971e-01 4.95029083e-04 0.00000000e+00 0.00000000e+00]
 [9.99587345e-01 4.12654746e-04 0.00000000e+00 0.00000000e+00]
 [9.99677211e-01 3.22788896e-04 0.00000000e+00 0.00000000e+00]
 [9.99621499e-01 3.78501136e-04 0.00000000e+00 0.00000000e+00]
 [9.99503070e-01 4.96929684e-04 0.00000000e+00 0.00000000e+00]
 [9.99551804e-01 4.48196011e-04 0.00000000e+00 0.00000000e+00]
 [9.99516519e-01 4.83481064e-04 0.00000000e+00 0.00000000e+00]
 [9.99540283e-01 4.59717274e-04 0.00000000e+00 0.00000000e+00]
 [9.99552372e-01 4.47627574e-04 0.00000000e+00 0.00000000e+00]
 [9.99519731e-01 4.80268951e-04 0.00000000e+00 0.00000000e+00]
 [9.99553339e-01 4.46661207e-04 0.00000000e+00 0.00000000e+00]
 [9.99509523e-01 4.90476580e-04 0.00000000e+00 0.00000000e+00]
 [9.99552973e-01 4.47027269e-04 0.00000000e+00 0.00000000e+00]
 [9.99527500e-01 4.72500473e-04 0.00000000e+00 0.00000000e+00]
 [9.99565249e-01 4.34751105e-04 0.00000000e+00 0.00000000e+00]
 [9.99547142e-01 4.52857531e-04 0.00000000e+00 0.00000000e+00]
 [9.99565104e-01 4.34896060e-04 0.00000000e+00 0.00000000e+00]
 [9.99511122e-01 4.88878025e-04 0.00000000e+00 0.00000000e+00]
 [9.99502700e-01 4.97300369e-04 0.00000000e+00 0.00000000e+00]
 [9.99520077e-01 4.79923212e-04 0.00000000e+00 0.00000000e+00]
 [9.99564033e-01 4.35967302e-04 0.00000000e+00 0.00000000e+00]
 [9.99534369e-01 4.65630638e-04 0.00000000e+00 0.00000000e+00]
 [9.99522825e-01 4.77175123e-04 0.00000000e+00 0.00000000e+00]
 [9.99556029e-01 4.43970876e-04 0.00000000e+00 0.00000000e+00]
 [9.99536608e-01 4.63392030e-04 0.00000000e+00 0.00000000e+00]
 [9.99628942e-01 3.71057514e-04 0.00000000e+00 0.00000000e+00]
 [9.99510524e-01 4.89476260e-04 0.00000000e+00 0.00000000e+00]
 [9.99540723e-01 4.59277404e-04 0.00000000e+00 0.00000000e+00]
 [9.99575552e-01 4.24448217e-04 0.00000000e+00 0.00000000e+00]
 [9.99513013e-01 4.86986635e-04 0.00000000e+00 0.00000000e+00]
 [9.99515086e-01 4.84913793e-04 0.00000000e+00 0.00000000e+00]
 [9.99552839e-01 4.47160531e-04 0.00000000e+00 0.00000000e+00]
 [9.99587586e-01 4.12413651e-04 0.00000000e+00 0.00000000e+00]
 [9.99556410e-01 4.43590123e-04 0.00000000e+00 0.00000000e+00]
 [9.99502042e-01 4.97958371e-04 0.00000000e+00 0.00000000e+00]
 [9.99504243e-01 4.95756904e-04 0.00000000e+00 0.00000000e+00]
 [9.99563509e-01 4.36490615e-04 0.00000000e+00 0.00000000e+00]
 [9.99557550e-01 4.42449908e-04 0.00000000e+00 0.00000000e+00]
 [9.99538830e-01 4.61169526e-04 0.00000000e+00 0.00000000e+00]
 [9.99619048e-01 3.80952381e-04 0.00000000e+00 0.00000000e+00]
 [9.99575588e-01 4.24412189e-04 0.00000000e+00 0.00000000e+00]
 [9.99501827e-01 4.98173364e-04 0.00000000e+00 0.00000000e+00]
 [9.99523822e-01 4.76177879e-04 0.00000000e+00 0.00000000e+00]
 [9.99630724e-01 3.69276219e-04 0.00000000e+00 0.00000000e+00]
 [9.99508025e-01 4.91974663e-04 0.00000000e+00 0.00000000e+00]
 [9.99558304e-01 4.41696113e-04 0.00000000e+00 0.00000000e+00]
 [9.99500483e-01 4.99517133e-04 0.00000000e+00 0.00000000e+00]
 [9.99596367e-01 4.03632694e-04 0.00000000e+00 0.00000000e+00]
 [9.99534992e-01 4.65008138e-04 0.00000000e+00 0.00000000e+00]
 [9.99613850e-01 3.86150084e-04 0.00000000e+00 0.00000000e+00]
 [9.99614346e-01 3.85653683e-04 0.00000000e+00 0.00000000e+00]
 [9.99598111e-01 4.01888878e-04 0.00000000e+00 0.00000000e+00]
 [9.99511570e-01 4.88430307e-04 0.00000000e+00 0.00000000e+00]
 [9.99553696e-01 4.46304045e-04 0.00000000e+00 0.00000000e+00]
 [9.99561307e-01 4.38692696e-04 0.00000000e+00 0.00000000e+00]
 [9.99531128e-01 4.68872102e-04 0.00000000e+00 0.00000000e+00]
 [9.99567997e-01 4.32002765e-04 0.00000000e+00 0.00000000e+00]
 [9.99504950e-01 4.95049505e-04 0.00000000e+00 0.00000000e+00]
 [9.99507292e-01 4.92707923e-04 0.00000000e+00 0.00000000e+00]
 [9.99582855e-01 4.17144645e-04 0.00000000e+00 0.00000000e+00]
 [9.99545867e-01 4.54132607e-04 0.00000000e+00 0.00000000e+00]]

4.1) --- beta_nw vector: [1.6 1.6 1.6 1.6 1.6 1.6 1.6 1.6 1.6 1.6 1.6 1.6 1.6 1.6 1.6 1.6 1.6 1.6
 1.6 1.6 1.6 1.6 1.6 1.6 1.6 1.6 1.6 1.6 1.6 1.6 1.6 1.6 1.6 1.6 1.6 1.6
 1.6 1.6 1.6 1.6 1.6 1.6 1.6 1.6 1.6 1.6 1.6 1.6 1.6 1.6 1.6 1.6 1.6 1.6
 1.6 1.6 1.6 1.6 1.6 1.6 1.6 1.6]
4.2) --- gamma_nw vector: [0.06 0.06 0.06 0.06 0.06 0.06 0.06 0.06 0.06 0.06 0.06 0.06 0.06 0.06
 0.06 0.06 0.06 0.06 0.06 0.06 0.06 0.06 0.06 0.06 0.06 0.06 0.06 0.06
 0.06 0.06 0.06 0.06 0.06 0.06 0.06 0.06 0.06 0.06 0.06 0.06 0.06 0.06
 0.06 0.06 0.06 0.06 0.06 0.06 0.06 0.06 0.06 0.06 0.06 0.06 0.06 0.06
 0.06 0.06 0.06 0.06 0.06 0.06]
4.3) --- Public transport vector (Alpha): [0.5 0.5 0.5 0.5 0.5 0.5 0.5 0.5 0.5 0.5 0.5 0.5 0.5 0.5 0.5 0.5 0.5 0.5
 0.5 0.5 0.5 0.5 0.5 0.5 0.5 0.5 0.5 0.5 0.5 0.5 0.5 0.5 0.5 0.5 0.5 0.5
 0.5 0.5 0.5 0.5 0.5 0.5 0.5 0.5 0.5 0.5 0.5 0.5 0.5 0.5 0.5 0.5 0.5 0.5
 0.5 0.5 0.5 0.5 0.5 0.5 0.5 0.5]

4.3) --- Death Rate vector (dr_nw): [0.25 0.25 0.25 0.25 0.25 0.25 0.25 0.25 0.25 0.25 0.25 0.25 0.25 0.25
 0.25 0.25 0.25 0.25 0.25 0.25 0.25 0.25 0.25 0.25 0.25 0.25 0.25 0.25
 0.25 0.25 0.25 0.25 0.25 0.25 0.25 0.25 0.25 0.25 0.25 0.25 0.25 0.25
 0.25 0.25 0.25 0.25 0.25 0.25 0.25 0.25 0.25 0.25 0.25 0.25 0.25 0.25
 0.25 0.25 0.25 0.25 0.25 0.25]

5.) --- Normalized simulation matrix: 
[[9.99547204e-01 4.52796015e-04 0.00000000e+00 0.00000000e+00]
 [9.99504971e-01 4.95029083e-04 0.00000000e+00 0.00000000e+00]
 [9.99587345e-01 4.12654746e-04 0.00000000e+00 0.00000000e+00]
 [9.99677211e-01 3.22788896e-04 0.00000000e+00 0.00000000e+00]
 [9.99621499e-01 3.78501136e-04 0.00000000e+00 0.00000000e+00]
 [9.99503070e-01 4.96929684e-04 0.00000000e+00 0.00000000e+00]
 [9.99551804e-01 4.48196011e-04 0.00000000e+00 0.00000000e+00]
 [9.99516519e-01 4.83481064e-04 0.00000000e+00 0.00000000e+00]
 [9.99540283e-01 4.59717274e-04 0.00000000e+00 0.00000000e+00]
 [9.99552372e-01 4.47627574e-04 0.00000000e+00 0.00000000e+00]
 [9.99519731e-01 4.80268951e-04 0.00000000e+00 0.00000000e+00]
 [9.99553339e-01 4.46661207e-04 0.00000000e+00 0.00000000e+00]
 [9.99509523e-01 4.90476580e-04 0.00000000e+00 0.00000000e+00]
 [9.99552973e-01 4.47027269e-04 0.00000000e+00 0.00000000e+00]
 [9.99527500e-01 4.72500473e-04 0.00000000e+00 0.00000000e+00]
 [9.99565249e-01 4.34751105e-04 0.00000000e+00 0.00000000e+00]
 [9.99547142e-01 4.52857531e-04 0.00000000e+00 0.00000000e+00]
 [9.99565104e-01 4.34896060e-04 0.00000000e+00 0.00000000e+00]
 [9.99511122e-01 4.88878025e-04 0.00000000e+00 0.00000000e+00]
 [9.99502700e-01 4.97300369e-04 0.00000000e+00 0.00000000e+00]
 [9.99520077e-01 4.79923212e-04 0.00000000e+00 0.00000000e+00]
 [9.99564033e-01 4.35967302e-04 0.00000000e+00 0.00000000e+00]
 [9.99534369e-01 4.65630638e-04 0.00000000e+00 0.00000000e+00]
 [9.99522825e-01 4.77175123e-04 0.00000000e+00 0.00000000e+00]
 [9.99556029e-01 4.43970876e-04 0.00000000e+00 0.00000000e+00]
 [9.99536608e-01 4.63392030e-04 0.00000000e+00 0.00000000e+00]
 [9.99628942e-01 3.71057514e-04 0.00000000e+00 0.00000000e+00]
 [9.99510524e-01 4.89476260e-04 0.00000000e+00 0.00000000e+00]
 [9.99540723e-01 4.59277404e-04 0.00000000e+00 0.00000000e+00]
 [9.99575552e-01 4.24448217e-04 0.00000000e+00 0.00000000e+00]
 [9.99513013e-01 4.86986635e-04 0.00000000e+00 0.00000000e+00]
 [9.99515086e-01 4.84913793e-04 0.00000000e+00 0.00000000e+00]
 [9.99552839e-01 4.47160531e-04 0.00000000e+00 0.00000000e+00]
 [9.99587586e-01 4.12413651e-04 0.00000000e+00 0.00000000e+00]
 [9.99556410e-01 4.43590123e-04 0.00000000e+00 0.00000000e+00]
 [9.99502042e-01 4.97958371e-04 0.00000000e+00 0.00000000e+00]
 [9.99504243e-01 4.95756904e-04 0.00000000e+00 0.00000000e+00]
 [9.99563509e-01 4.36490615e-04 0.00000000e+00 0.00000000e+00]
 [9.99557550e-01 4.42449908e-04 0.00000000e+00 0.00000000e+00]
 [9.99538830e-01 4.61169526e-04 0.00000000e+00 0.00000000e+00]
 [9.99619048e-01 3.80952381e-04 0.00000000e+00 0.00000000e+00]
 [9.99575588e-01 4.24412189e-04 0.00000000e+00 0.00000000e+00]
 [9.99501827e-01 4.98173364e-04 0.00000000e+00 0.00000000e+00]
 [9.99523822e-01 4.76177879e-04 0.00000000e+00 0.00000000e+00]
 [9.99630724e-01 3.69276219e-04 0.00000000e+00 0.00000000e+00]
 [9.99508025e-01 4.91974663e-04 0.00000000e+00 0.00000000e+00]
 [9.99558304e-01 4.41696113e-04 0.00000000e+00 0.00000000e+00]
 [9.99500483e-01 4.99517133e-04 0.00000000e+00 0.00000000e+00]
 [9.99596367e-01 4.03632694e-04 0.00000000e+00 0.00000000e+00]
 [9.99534992e-01 4.65008138e-04 0.00000000e+00 0.00000000e+00]
 [9.99613850e-01 3.86150084e-04 0.00000000e+00 0.00000000e+00]
 [9.99614346e-01 3.85653683e-04 0.00000000e+00 0.00000000e+00]
 [9.99598111e-01 4.01888878e-04 0.00000000e+00 0.00000000e+00]
 [9.99511570e-01 4.88430307e-04 0.00000000e+00 0.00000000e+00]
 [9.99553696e-01 4.46304045e-04 0.00000000e+00 0.00000000e+00]
 [9.99561307e-01 4.38692696e-04 0.00000000e+00 0.00000000e+00]
 [9.99531128e-01 4.68872102e-04 0.00000000e+00 0.00000000e+00]
 [9.99567997e-01 4.32002765e-04 0.00000000e+00 0.00000000e+00]
 [9.99504950e-01 4.95049505e-04 0.00000000e+00 0.00000000e+00]
 [9.99507292e-01 4.92707923e-04 0.00000000e+00 0.00000000e+00]
 [9.99582855e-01 4.17144645e-04 0.00000000e+00 0.00000000e+00]
 [9.99545867e-01 4.54132607e-04 0.00000000e+00 0.00000000e+00]]

>>>>>> START ITERATING <<<<<<

-------------------------------> 0

6.1) --- Fraction of infections in OD_nw matrix: 
[[0.0004528  0.0004528  0.0004528  ... 0.0004528  0.0004528  0.0004528 ]
 [0.00049503 0.00049503 0.00049503 ... 0.00049503 0.00049503 0.00049503]
 [0.00041265 0.00041265 0.00041265 ... 0.00041265 0.00041265 0.00041265]
 ...
 [0.00049271 0.00049271 0.00049271 ... 0.00049271 0.00049271 0.00049271]
 [0.00041714 0.00041714 0.00041714 ... 0.00041714 0.00041714 0.00041714]
 [0.00045413 0.00045413 0.00045413 ... 0.00045413 0.00045413 0.00045413]]

6.2) --- Number of infections in OD_nw matrix: 
[[ 2.  0.  0. ...  0.  0.  0.]
 [ 0. 12.  0. ...  0.  0.  0.]
 [ 0.  0.  3. ...  0.  0.  0.]
 ...
 [ 0.  0.  0. ... 10.  0.  0.]
 [ 0.  0.  0. ...  0.  4.  0.]
 [ 0.  0.  0. ...  0.  0.  4.]]

6.3) --- Inflow vector summed over rows: [ 2. 12.  3.  1.  3. 14.  6.  6.  4.  2.  6.  6. 36.  4.  5.  6.  5.  5.
  4. 42.  9.  4.  8.  6.  5.  5.  2.  3.  6.  3. 18.  9.  3.  4.  3.  5.
 17.  2.  7.  5.  3.  5. 12. 18.  2. 16.  4. 30.  2.  6.  3.  3.  4. 40.
  8.  6.  9.  5.  4. 10.  4.  4.]
6.4) --- Infected inflow vector summed over rows: [ 1.  6.  2.  0.  2.  7.  3.  3.  2.  1.  3.  3. 18.  2.  2.  3.  2.  2.
  2. 21.  4.  2.  4.  3.  2.  2.  1.  2.  3.  2.  9.  4.  2.  2.  2.  2.
  8.  1.  4.  2.  2.  2.  6.  9.  1.  8.  2. 15.  1.  3.  2.  2.  2. 20.
  4.  3.  4.  2.  2.  5.  2.  2.]
6.5) --- Total infected inflow sum: 245.0

6.6) --- beta_nw vector:  [1.6 1.6 1.6 1.6 1.6 1.6 1.6 1.6 1.6 1.6 1.6 1.6 1.6 1.6 1.6 1.6 1.6 1.6
 1.6 1.6 1.6 1.6 1.6 1.6 1.6 1.6 1.6 1.6 1.6 1.6 1.6 1.6 1.6 1.6 1.6 1.6
 1.6 1.6 1.6 1.6 1.6 1.6 1.6 1.6 1.6 1.6 1.6 1.6 1.6 1.6 1.6 1.6 1.6 1.6
 1.6 1.6 1.6 1.6 1.6 1.6 1.6 1.6]
6.7) --- Susceptible vector:  [ 4415. 24229.  7267.  3097.  7923. 28159. 13381. 12404.  8697.  4466.
 12487. 13427. 73362.  8944. 10577. 13795. 11036. 11492.  8178. 84414.
 18744.  9171. 17173. 12568. 11257. 10785.  5388.  6126. 13058.  7065.
 36944. 18551.  6706.  9695.  6760. 10036. 34274.  4580. 15814. 10837.
  7872. 11776. 24076. 37783.  5414. 32506.  9052. 60028.  4953. 12897.
  7766.  7776.  9949. 81855. 17917. 13671. 19186. 11569.  8076. 20286.
  9585.  8804.]
6.8) --- Inflow infected vector:  [ 1.  6.  2.  0.  2.  7.  3.  3.  2.  1.  3.  3. 18.  2.  2.  3.  2.  2.
  2. 21.  4.  2.  4.  3.  2.  2.  1.  2.  3.  2.  9.  4.  2.  2.  2.  2.
  8.  1.  4.  2.  2.  2.  6.  9.  1.  8.  2. 15.  1.  3.  2.  2.  2. 20.
  4.  3.  4.  2.  2.  5.  2.  2.]
6.9) --- Susceptible initialization vector N_k_nw:  [ 4417 24241  7270  3098  7926 28173 13387 12410  8701  4468 12493 13433
 73398  8948 10582 13801 11041 11497  8182 84456 18753  9175 17181 12574
 11262 10790  5390  6129 13064  7068 36962 18560  6709  9699  6763 10041
 34291  4582 15821 10842  7875 11781 24088 37801  5416 32522  9056 60058
  4955 12903  7769  7779  9953 81895 17925 13677 19195 11574  8080 20296
  9589  8808]
6.10) --- Incoming travelers vector:  [ 4417 24241  7270  3098  7926 28173 13387 12410  8701  4468 12493 13433
 73398  8948 10582 13801 11041 11497  8182 84456 18753  9175 17181 12574
 11262 10790  5390  6129 13064  7068 36962 18560  6709  9699  6763 10041
 34291  4582 15821 10842  7875 11781 24088 37801  5416 32522  9056 60058
  4955 12903  7769  7779  9953 81895 17925 13677 19195 11574  8080 20296
  9589  8808]
6.11) --- New infections vector:  [ 0.79963776  4.79762386  1.59933975  0.          1.5993944   5.59721719
  2.39892433  2.39883965  1.59926445  0.7996419   2.39884735  2.39892801
 14.39293714  1.59928476  1.599244    2.3989566   1.59927543  1.59930417
  1.5992178  16.79164535  3.19846425  1.59930245  3.19850998  2.39885478
  1.59928965  1.59925857  0.79970315  1.59921684  2.39889773  1.59932088
  7.1964937   3.19844828  1.59928454  1.59934014  1.59929026  1.59920327
  6.39682716  0.79965081  3.19858416  1.59926213  1.59939048  1.59932094
  4.79760877  7.19657152  0.79970458  6.39685136  1.59929329 11.99400579
  0.79967709  2.39888398  1.59938216  1.59938295  1.59935698 15.99218512
  3.19857183  2.39894714  3.19849961  1.5993088   1.59920792  3.99802917
  1.59933257  1.59927339]

7.) --- New recovers vector:  [0.12 0.72 0.18 0.06 0.18 0.84 0.36 0.36 0.24 0.12 0.36 0.36 2.16 0.24
 0.3  0.36 0.3  0.3  0.24 2.52 0.54 0.24 0.48 0.36 0.3  0.3  0.12 0.18
 0.36 0.18 1.08 0.54 0.18 0.24 0.18 0.3  1.02 0.12 0.42 0.3  0.18 0.3
 0.72 1.08 0.12 0.96 0.24 1.8  0.12 0.36 0.18 0.18 0.24 2.4  0.48 0.36
 0.54 0.3  0.24 0.6  0.24 0.24]

7.) --- New dead vector:  [ 0.5   3.    0.75  0.25  0.75  3.5   1.5   1.5   1.    0.5   1.5   1.5
  9.    1.    1.25  1.5   1.25  1.25  1.   10.5   2.25  1.    2.    1.5
  1.25  1.25  0.5   0.75  1.5   0.75  4.5   2.25  0.75  1.    0.75  1.25
  4.25  0.5   1.75  1.25  0.75  1.25  3.    4.5   0.5   4.    1.    7.5
  0.5   1.5   0.75  0.75  1.   10.    2.    1.5   2.25  1.25  1.    2.5
  1.    1.  ]

temp.) --- Check number equality:  [0.9993, 0.0005, 0.0, 0.0001, 1050572.9999999998, 1050573]

-------------------------------> 1

6.1) --- Fraction of infections in OD_nw matrix: 
[[0.00049347 0.00049347 0.00049347 ... 0.00049347 0.00049347 0.00049347]
 [0.00053948 0.00053948 0.00053948 ... 0.00053948 0.00053948 0.00053948]
 [0.00050472 0.00050472 0.00050472 ... 0.00050472 0.00050472 0.00050472]
 ...
 [0.00053695 0.00053695 0.00053695 ... 0.00053695 0.00053695 0.00053695]
 [0.00045462 0.00045462 0.00045462 ... 0.00045462 0.00045462 0.00045462]
 [0.00049492 0.00049492 0.00049492 ... 0.00049492 0.00049492 0.00049492]]

6.2) --- Number of infections in OD_nw matrix: 
[[ 2.  0.  0. ...  0.  0.  0.]
 [ 0. 13.  0. ...  0.  0.  0.]
 [ 0.  0.  4. ...  0.  0.  0.]
 ...
 [ 0.  0.  0. ... 11.  0.  0.]
 [ 0.  0.  0. ...  0.  4.  0.]
 [ 0.  0.  0. ...  0.  0.  4.]]

6.3) --- Inflow vector summed over rows: [ 2. 13.  4.  1.  4. 15.  7.  7.  4.  2.  7.  7. 39.  4.  5.  7.  5.  5.
  4. 46.  9.  4.  9.  7.  5.  5.  2.  4.  7.  4. 20.  9.  4.  4.  4.  5.
 18.  2.  8.  5.  4.  5. 13. 20.  2. 17.  4. 33.  2.  7.  4.  4.  4. 44.
  9.  7.  9.  5.  4. 11.  4.  4.]
6.4) --- Infected inflow vector summed over rows: [ 1.  6.  2.  0.  2.  8.  4.  4.  2.  1.  4.  4. 20.  2.  2.  4.  2.  2.
  2. 23.  4.  2.  4.  4.  2.  2.  1.  2.  4.  2. 10.  4.  2.  2.  2.  2.
  9.  1.  4.  2.  2.  2.  6. 10.  1.  8.  2. 16.  1.  4.  2.  2.  2. 22.
  4.  4.  4.  2.  2.  6.  2.  2.]
6.5) --- Total infected inflow sum: 266.0

6.6) --- beta_nw vector:  [1.6 1.6 1.6 1.6 1.6 1.6 1.6 1.6 1.6 1.6 1.6 1.6 1.6 1.6 1.6 1.6 1.6 1.6
 1.6 1.6 1.6 1.6 1.6 1.6 1.6 1.6 1.6 1.6 1.6 1.6 1.6 1.6 1.6 1.6 1.6 1.6
 1.6 1.6 1.6 1.6 1.6 1.6 1.6 1.6 1.6 1.6 1.6 1.6 1.6 1.6 1.6 1.6 1.6 1.6
 1.6 1.6 1.6 1.6 1.6 1.6 1.6 1.6]
6.7) --- Susceptible vector:  [ 4414.20036224 24224.20237614  7265.40066025  3097.
  7921.4006056  28153.40278281 13378.60107567 12401.60116035
  8695.40073555  4465.2003581  12484.60115265 13424.60107199
 73347.60706286  8942.40071524 10575.400756   13792.6010434
 11034.40072457 11490.40069583  8176.4007822  84397.20835465
 18740.80153575  9169.40069755 17169.80149002 12565.60114522
 11255.40071035 10783.40074143  5387.20029685  6124.40078316
 13055.60110227  7063.40067912 36936.8035063  18547.80155172
  6704.40071546  9693.40065986  6758.40070974 10034.40079673
 34267.60317284  4579.20034919 15810.80141584 10835.40073787
  7870.40060952 11774.40067906 24071.20239123 37775.80342848
  5413.20029542 32499.60314864  9050.40070671 60016.00599421
  4952.20032291 12894.60111602  7764.40061784  7774.40061705
  9947.40064302 81839.00781488 17913.80142817 13668.60105286
 19182.80150039 11567.4006912   8074.40079208 20282.00197083
  9583.40066743  8802.40072661]
6.8) --- Inflow infected vector:  [ 1.  6.  2.  0.  2.  8.  4.  4.  2.  1.  4.  4. 20.  2.  2.  4.  2.  2.
  2. 23.  4.  2.  4.  4.  2.  2.  1.  2.  4.  2. 10.  4.  2.  2.  2.  2.
  9.  1.  4.  2.  2.  2.  6. 10.  1.  8.  2. 16.  1.  4.  2.  2.  2. 22.
  4.  4.  4.  2.  2.  6.  2.  2.]
6.9) --- Susceptible initialization vector N_k_nw:  [ 4417 24241  7270  3098  7926 28173 13387 12410  8701  4468 12493 13433
 73398  8948 10582 13801 11041 11497  8182 84456 18753  9175 17181 12574
 11262 10790  5390  6129 13064  7068 36962 18560  6709  9699  6763 10041
 34291  4582 15821 10842  7875 11781 24088 37801  5416 32522  9056 60058
  4955 12903  7769  7779  9953 81895 17925 13677 19195 11574  8080 20296
  9589  8808]
6.10) --- Incoming travelers vector:  [ 4417 24241  7270  3098  7926 28173 13387 12410  8701  4468 12493 13433
 73398  8948 10582 13801 11041 11497  8182 84456 18753  9175 17181 12574
 11262 10790  5390  6129 13064  7068 36962 18560  6709  9699  6763 10041
 34291  4582 15821 10842  7875 11781 24088 37801  5416 32522  9056 60058
  4955 12903  7769  7779  9953 81895 17925 13677 19195 11574  8080 20296
  9589  8808]
6.11) --- New infections vector:  [ 0.79949293  4.79667388  1.59898777  0.          1.59907153  6.39554814
  3.19799234  3.1978343   1.59897037  0.79949872  3.19784869  3.19799921
 15.98901486  1.59899879  1.59900219  3.19805256  1.59904367  1.5990816
  1.59890507 18.38719136  3.19791846  1.59902355  3.19791425  3.19786255
  1.59906243  1.59902143  0.79958446  1.59879936  3.19794271  1.59895884
  7.99454651  3.19789682  1.59890314  1.5990763   1.59891189  1.59894844
  7.19508742  0.79951119  3.19793721  1.59902612  1.59906552  1.59910373
  4.79665275  7.99466753  0.79958645  6.39559253  1.59901073 12.79104993
  0.79954798  3.19791704  1.59905277  1.59905399  1.59909987 17.58796676
  3.19800081  3.1980349   3.19796639  1.59908771  1.59889125  4.79668947
  1.59906571  1.59898287]

7.) --- New recovers vector:  [0.13077827 0.78465743 0.22016039 0.0414     0.22016366 0.91543303
 0.39233546 0.39233038 0.26155587 0.13077851 0.39233084 0.39233568
 2.35397623 0.26155709 0.30295464 0.3923374  0.30295653 0.30295825
 0.26155307 2.74629872 0.56450785 0.26155815 0.5231106  0.39233129
 0.30295738 0.30295551 0.13078219 0.22015301 0.39233386 0.22015925
 1.17698962 0.5645069  0.22015707 0.26156041 0.22015742 0.3029522
 1.08760963 0.13077905 0.48171505 0.30295573 0.22016343 0.30295926
 0.78465653 1.17699429 0.13078227 1.04621108 0.2615576  1.96164035
 0.13078063 0.39233304 0.22016293 0.22016298 0.26156142 2.61553111
 0.52311431 0.39233683 0.56450998 0.30295853 0.26155248 0.65388175
 0.26155995 0.2615564 ]

7.) --- New dead vector:  [ 0.54490944  3.26940597  0.91733494  0.1725      0.9173486   3.8143043
  1.63473108  1.63470991  1.08981611  0.54491047  1.63471184  1.634732
  9.80823428  1.08982119  1.262311    1.63473915  1.26231886  1.26232604
  1.08980445 11.44291134  2.35211606  1.08982561  2.1796275   1.63471369
  1.26232241  1.26231464  0.54492579  0.91730421  1.63472443  0.91733022
  4.90412342  2.35211207  0.91732114  1.08983503  0.91732256  1.26230082
  4.53170679  0.5449127   2.00714604  1.26231553  0.91734762  1.26233024
  3.26940219  4.90414288  0.54492614  4.35921284  1.08982332  8.17350145
  0.54491927  1.634721    0.91734554  0.91734574  1.08983924 10.89804628
  2.17964296  1.63473678  2.3521249   1.2623272   1.08980198  2.72450729
  1.08983314  1.08981835]

temp.) --- Check number equality:  [0.9991, 0.0006, 0.0001, 0.0002, 1050573.0000000002, 1050573]

-------------------------------> 2

6.1) --- Fraction of infections in OD_nw matrix: 
[[0.00052149 0.00052149 0.00052149 ... 0.00052149 0.00052149 0.00052149]
 [0.00057012 0.00057012 0.00057012 ... 0.00057012 0.00057012 0.00057012]
 [0.0005682  0.0005682  0.0005682  ... 0.0005682  0.0005682  0.0005682 ]
 ...
 [0.00060684 0.00060684 0.00060684 ... 0.00060684 0.00060684 0.00060684]
 [0.00048045 0.00048045 0.00048045 ... 0.00048045 0.00048045 0.00048045]
 [0.00052303 0.00052303 0.00052303 ... 0.00052303 0.00052303 0.00052303]]

6.2) --- Number of infections in OD_nw matrix: 
[[ 2.  0.  0. ...  0.  0.  0.]
 [ 0. 14.  0. ...  0.  0.  0.]
 [ 0.  0.  4. ...  0.  0.  0.]
 ...
 [ 0.  0.  0. ... 12.  0.  0.]
 [ 0.  0.  0. ...  0.  5.  0.]
 [ 0.  0.  0. ...  0.  0.  5.]]

6.3) --- Inflow vector summed over rows: [ 2. 14.  4.  0.  4. 17.  8.  8.  5.  2.  8.  8. 43.  5.  5.  8.  5.  5.
  5. 50. 10.  5.  9.  8.  5.  5.  2.  4.  8.  4. 22. 10.  4.  5.  4.  5.
 20.  2.  9.  5.  4.  5. 14. 22.  2. 18.  5. 35.  2.  8.  4.  4.  5. 48.
  9.  8. 10.  5.  5. 12.  5.  5.]
6.4) --- Infected inflow vector summed over rows: [ 1.  7.  2.  0.  2.  8.  4.  4.  2.  1.  4.  4. 22.  2.  2.  4.  2.  2.
  2. 25.  5.  2.  4.  4.  2.  2.  1.  2.  4.  2. 11.  5.  2.  2.  2.  2.
 10.  1.  4.  2.  2.  2.  7. 11.  1.  9.  2. 18.  1.  4.  2.  2.  2. 24.
  4.  4.  5.  2.  2.  6.  2.  2.]
6.5) --- Total infected inflow sum: 283.0

6.6) --- beta_nw vector:  [1.6 1.6 1.6 1.6 1.6 1.6 1.6 1.6 1.6 1.6 1.6 1.6 1.6 1.6 1.6 1.6 1.6 1.6
 1.6 1.6 1.6 1.6 1.6 1.6 1.6 1.6 1.6 1.6 1.6 1.6 1.6 1.6 1.6 1.6 1.6 1.6
 1.6 1.6 1.6 1.6 1.6 1.6 1.6 1.6 1.6 1.6 1.6 1.6 1.6 1.6 1.6 1.6 1.6 1.6
 1.6 1.6 1.6 1.6 1.6 1.6 1.6 1.6]
6.7) --- Susceptible vector:  [ 4413.4008693  24219.40570226  7263.80167248  3097.
  7919.80153407 28147.00723466 13375.40308333 12398.40332605
  8693.80176518  4464.40085938 12481.40330396 13421.40307277
 73331.618048    8940.80171646 10573.80175381 13789.40299085
 11032.8016809  11488.80161424  8174.80187714 84378.82116328
 18737.60361729  9167.80167399 17166.60357577 12562.40328267
 11253.80164792 10781.80172     5386.40071239  6122.80198381
 13052.40315956  7061.80172028 36928.8089598  18544.6036549
  6702.80181232  9691.80158356  6756.80179785 10032.80184829
 34260.40808542  4578.400838   15807.60347863 10833.80171175
  7868.801544   11772.80157533 24066.40573848 37767.80876095
  5412.40070897 32493.20755611  9048.80169599 60003.21494428
  4951.40077492 12891.40319898  7762.80156507  7772.80156306
  9945.80154315 81821.41984813 17910.60342736 13665.40301796
 19179.603534   11565.8016035   8072.80190083 20277.20528136
  9581.80160172  8800.80174374]
6.8) --- Inflow infected vector:  [ 1.  7.  2.  0.  2.  8.  4.  4.  2.  1.  4.  4. 22.  2.  2.  4.  2.  2.
  2. 25.  5.  2.  4.  4.  2.  2.  1.  2.  4.  2. 11.  5.  2.  2.  2.  2.
 10.  1.  4.  2.  2.  2.  7. 11.  1.  9.  2. 18.  1.  4.  2.  2.  2. 24.
  4.  4.  5.  2.  2.  6.  2.  2.]
6.9) --- Susceptible initialization vector N_k_nw:  [ 4417 24241  7270  3098  7926 28173 13387 12410  8701  4468 12493 13433
 73398  8948 10582 13801 11041 11497  8182 84456 18753  9175 17181 12574
 11262 10790  5390  6129 13064  7068 36962 18560  6709  9699  6763 10041
 34291  4582 15821 10842  7875 11781 24088 37801  5416 32522  9056 60058
  4955 12903  7769  7779  9953 81895 17925 13677 19195 11574  8080 20296
  9589  8808]
6.10) --- Incoming travelers vector:  [ 4417 24241  7270  3098  7926 28173 13387 12410  8701  4468 12493 13433
 73398  8948 10582 13801 11041 11497  8182 84456 18753  9175 17181 12574
 11262 10790  5390  6129 13064  7068 36962 18560  6709  9699  6763 10041
 34291  4582 15821 10842  7875 11781 24088 37801  5416 32522  9056 60058
  4955 12903  7769  7779  9953 81895 17925 13677 19195 11574  8080 20296
  9589  8808]
6.11) --- New infections vector:  [ 0.79934813  5.59501142  1.59863586  0.          1.59874873  6.39409528
  3.1972279   3.19700972  1.59867634  0.79935557  3.19702958  3.19723739
 17.58408237  1.59871287  1.59876042  3.19731103  1.59881195  1.59885906
  1.5985924  19.9817233   3.99671596  1.59874471  3.19731863  3.19704871
  1.59883525  1.59878431  0.79946578  1.59838198  3.19715938  1.59859688
  8.7920978   3.99668182  1.59852182  1.59881251  1.59853362  1.59869365
  7.99286299  0.7993716   3.19729038  1.59879014  1.59874063  1.59888656
  5.59497975  8.79227314  0.79946835  7.19362568  1.59872821 14.38686428
  0.79941889  3.19712394  1.59872345  1.59872509  1.59884281 19.18274939
  3.1974299   3.19728666  3.99679157  1.59886665  1.59857463  4.79555505
  1.59879889  1.59869241]

7.) --- New recovers vector:  [0.13820658 0.82921406 0.24784993 0.028566   0.24785722 1.01538168
 0.46259101 0.46257802 0.27641177 0.1382071  0.4625792  0.46259157
 2.58358449 0.27641432 0.30497883 0.46259596 0.30498262 0.30498609
 0.27640592 2.9981776  0.58138553 0.27641653 0.55282117 0.46258034
 0.30498434 0.30498059 0.13821478 0.24783354 0.46258693 0.24784741
 1.29179563 0.58138357 0.24784257 0.27642126 0.24784333 0.30497392
 1.18215589 0.13820821 0.52425962 0.30498102 0.2478567  0.30498811
 0.82921217 1.29180611 0.13821496 1.1056212  0.27641539 2.12099484
 0.13821151 0.46258482 0.24785559 0.24785569 0.27642337 2.85999447
 0.55282892 0.46259451 0.58138987 0.30498665 0.27640468 0.73897978
 0.27642031 0.27641289]

7.) --- New dead vector:  [ 0.57586075  3.45505858  1.03270805  0.119025    1.03273842  4.230757
  1.92746253  1.92740841  1.15171571  0.57586291  1.92741334  1.92746489
 10.76493537  1.15172632  1.27074514  1.92748315  1.27076093  1.27077537
  1.15169134 12.49240666  2.4224397   1.15173556  2.30342153  1.92741809
  1.27076807  1.27075246  0.57589491  1.03263974  1.92744554  1.03269756
  5.38248179  2.42243153  1.03267737  1.15175525  1.03268054  1.27072467
  4.92564954  0.57586756  2.18441507  1.27075425  1.03273624  1.2707838
  3.4550507   5.38252547  0.57589565  4.60675499  1.15173077  8.83747848
  0.57588129  1.92743675  1.03273162  1.03273206  1.15176405 11.91664362
  2.30345384  1.92747711  2.42245778  1.27077769  1.15168618  3.0790824
  1.15175129  1.15172038]

temp.) --- Check number equality:  [0.9989, 0.0006, 0.0001, 0.0004, 1050573.0, 1050573]

-------------------------------> 3

6.1) --- Fraction of infections in OD_nw matrix: 
[[0.0005408  0.0005408  0.0005408  ... 0.0005408  0.0005408  0.0005408 ]
 [0.00062419 0.00062419 0.00062419 ... 0.00062419 0.00062419 0.00062419]
 [0.00061195 0.00061195 0.00061195 ... 0.00061195 0.00061195 0.00061195]
 ...
 [0.000655   0.000655   0.000655   ... 0.000655   0.000655   0.000655  ]
 [0.00049824 0.00049824 0.00049824 ... 0.00049824 0.00049824 0.00049824]
 [0.0005424  0.0005424  0.0005424  ... 0.0005424  0.0005424  0.0005424 ]]

6.2) --- Number of infections in OD_nw matrix: 
[[ 2.  0.  0. ...  0.  0.  0.]
 [ 0. 15.  0. ...  0.  0.  0.]
 [ 0.  0.  4. ...  0.  0.  0.]
 ...
 [ 0.  0.  0. ... 13.  0.  0.]
 [ 0.  0.  0. ...  0.  5.  0.]
 [ 0.  0.  0. ...  0.  0.  5.]]

6.3) --- Inflow vector summed over rows: [ 2. 15.  4.  0.  4. 18.  9.  9.  5.  2.  9.  9. 47.  5.  5.  9.  5.  5.
  5. 54. 11.  5. 10.  9.  5.  5.  2.  4.  9.  4. 24. 11.  4.  5.  4.  5.
 22.  2.  9.  5.  4.  5. 15. 24.  2. 20.  5. 39.  2.  9.  4.  4.  5. 52.
 10.  9. 11.  5.  5. 13.  5.  5.]
6.4) --- Infected inflow vector summed over rows: [ 1.  8.  2.  0.  2.  9.  4.  4.  2.  1.  4.  4. 24.  2.  2.  4.  2.  2.
  2. 27.  6.  2.  5.  4.  2.  2.  1.  2.  4.  2. 12.  6.  2.  2.  2.  2.
 11.  1.  4.  2.  2.  2.  8. 12.  1. 10.  2. 20.  1.  4.  2.  2.  2. 26.
  5.  4.  6.  2.  2.  6.  2.  2.]
6.5) --- Total infected inflow sum: 303.0

6.6) --- beta_nw vector:  [1.6 1.6 1.6 1.6 1.6 1.6 1.6 1.6 1.6 1.6 1.6 1.6 1.6 1.6 1.6 1.6 1.6 1.6
 1.6 1.6 1.6 1.6 1.6 1.6 1.6 1.6 1.6 1.6 1.6 1.6 1.6 1.6 1.6 1.6 1.6 1.6
 1.6 1.6 1.6 1.6 1.6 1.6 1.6 1.6 1.6 1.6 1.6 1.6 1.6 1.6 1.6 1.6 1.6 1.6
 1.6 1.6 1.6 1.6 1.6 1.6 1.6 1.6]
6.7) --- Susceptible vector:  [ 4412.60152117 24213.81069084  7262.20303663  3097.
  7918.20278534 28140.61313938 13372.20585543 12395.20631633
  8692.20308884  4463.60150381 12478.20627437 13418.20583539
 73314.03396563  8939.20300359 10572.20299338 13786.20567981
 11031.20286896 11487.20275518  8173.20328474 84358.83943998
 18733.60690133  9166.20292929 17163.40625713 12559.20623396
 11252.20281266 10780.20293569  5385.6012466   6121.20360182
 13049.20600018  7060.2031234  36920.016862   18540.60697308
  6701.2032905   9690.20277105  6755.20326423 10031.20315464
 34252.41522243  4577.6014664  15804.40618825 10832.20292161
  7867.20280337 11771.20268877 24060.81075873 37759.0164878
  5411.60124062 32486.01393043  9047.20296777 59988.82807999
  4950.60135603 12888.20607504  7761.20284162  7771.20283796
  9944.20270034 81802.23709874 17907.40599746 13662.2057313
 19175.60674244 11564.20273685  8071.2033262  20272.40972631
  9580.20280283  8799.20305132]
6.8) --- Inflow infected vector:  [ 1.  8.  2.  0.  2.  9.  4.  4.  2.  1.  4.  4. 24.  2.  2.  4.  2.  2.
  2. 27.  6.  2.  5.  4.  2.  2.  1.  2.  4.  2. 12.  6.  2.  2.  2.  2.
 11.  1.  4.  2.  2.  2.  8. 12.  1. 10.  2. 20.  1.  4.  2.  2.  2. 26.
  5.  4.  6.  2.  2.  6.  2.  2.]
6.9) --- Susceptible initialization vector N_k_nw:  [ 4417 24241  7270  3098  7926 28173 13387 12410  8701  4468 12493 13433
 73398  8948 10582 13801 11041 11497  8182 84456 18753  9175 17181 12574
 11262 10790  5390  6129 13064  7068 36962 18560  6709  9699  6763 10041
 34291  4582 15821 10842  7875 11781 24088 37801  5416 32522  9056 60058
  4955 12903  7769  7779  9953 81895 17925 13677 19195 11574  8080 20296
  9589  8808]
6.10) --- Incoming travelers vector:  [ 4417 24241  7270  3098  7926 28173 13387 12410  8701  4468 12493 13433
 73398  8948 10582 13801 11041 11497  8182 84456 18753  9175 17181 12574
 11262 10790  5390  6129 13064  7068 36962 18560  6709  9699  6763 10041
 34291  4582 15821 10842  7875 11781 24088 37801  5416 32522  9056 60058
  4955 12903  7769  7779  9953 81895 17925 13677 19195 11574  8080 20296
  9589  8808]
6.11) --- New infections vector:  [ 0.79920335  6.3928216   1.59828402  0.          1.598426    7.19172309
  3.19646364  3.19618535  1.59838236  0.79921244  3.19621068  3.19647574
 19.17803553  1.598427    1.59851869  3.19656968  1.59858025  1.59863655
  1.59827979 21.57515075  4.79503616  1.59846591  3.99590391  3.19623508
  1.59860811  1.59854724  0.79934712  1.59796472  3.19637624  1.598235
  9.58909588  4.79498456  1.5981406   1.59854876  1.59815544  1.59843891
  8.7900981   0.79923203  3.19664369  1.5985542   1.59841581  1.59866941
  6.39277602  9.5893378   0.79935026  7.99114788  1.59844575 15.98157197
  0.79928983  3.19633104  1.5983942   1.59839626  1.59858579 20.77643973
  3.99607386  3.19653859  4.79515042  1.59864562  1.59825808  4.7944209
  1.59853212  1.59840201]

7.) --- New recovers vector:  [0.14332343 0.90785839 0.2669346  0.01971054 0.26694641 1.08425908
 0.51102147 0.51099942 0.2866447  0.14332423 0.51100142 0.51102243
 2.83771824 0.28664865 0.30636102 0.51102987 0.30636673 0.30637194
 0.28663563 3.26764594 0.64095897 0.28665209 0.57328572 0.51100336
 0.30636931 0.30636367 0.14333614 0.26690806 0.51101454 0.26693053
 1.41886485 0.64095557 0.26692268 0.28665942 0.26692392 0.30635362
 1.29525934 0.14332596 0.55357656 0.30636431 0.26694556 0.30637499
 0.90785518 1.41888261 0.14333642 1.19449617 0.28665031 2.32669829
 0.14333108 0.51101096 0.26694376 0.26694393 0.28666269 3.12436115
 0.57329775 0.51102741 0.6409665  0.30637278 0.28663371 0.79762935
 0.28665795 0.28664644]

7.) --- New dead vector:  [ 0.59718095  3.78274328  1.11222752  0.08212725  1.11227669  4.51774615
  2.12925612  2.12916424  1.19435292  0.5971843   2.1291726   2.12926012
 11.823826    1.19436938  1.27650425  2.12929113  1.27652803  1.27654977
  1.19431512 13.61519142  2.67066238  1.19438371  2.38869052  2.12918066
  1.27653878  1.27651528  0.59723393  1.11211692  2.12922726  1.11221054
  5.91193688  2.67064821  1.11217784  1.19441425  1.11218298  1.27647344
  5.39691393  0.59719152  2.30656899  1.27651797  1.11227316  1.27656246
  3.78272992  5.91201086  0.59723509  4.97706736  1.19437629  9.69457622
  0.59721282  2.12921234  1.11226568  1.11226639  1.19442789 13.01817145
  2.38874063  2.12928087  2.67069376  1.27655327  1.19430712  3.32345562
  1.19440812  1.19436016]

temp.) --- Check number equality:  [0.9987, 0.0006, 0.0001, 0.0005, 1050572.9999999998, 1050573]

-------------------------------> 4

6.1) --- Fraction of infections in OD_nw matrix: 
[[0.00055409 0.00055409 0.00055409 ... 0.00055409 0.00055409 0.00055409]
 [0.00069441 0.00069441 0.00069441 ... 0.00069441 0.00069441 0.00069441]
 [0.0006421  0.0006421  0.0006421  ... 0.0006421  0.0006421  0.0006421 ]
 ...
 [0.00068817 0.00068817 0.00068817 ... 0.00068817 0.00068817 0.00068817]
